0000000000000000000000000000000001000110001011000100001010110100
0000000000000000100011001100010011010010000110001001000010001001
0001100110000000010011011010000000010011011000101001010101101011
0000010111001000101100000001010000010000100001010010001000100100
0100000000000001011001000011100110100010000111100001100110100110
0101110001000001111011000000100010110011100110110101000000111001
0001110011101100111111011100001100100101110011011011111110000000
1111101100010000001111111100000101000111010101000100010111011011
0100010111111011100011101111110000101100001000100011100011111001
0000100000110110011011100100111110111110000110111100010000101011
1010110011100100000010100001011110001111101110010111001001101100
0010010000100110101010111010011100101110010011011000101110010100
0011110100010010100111111101001101111111000100110111100100000010
1101101001110101010000110101111110001001100010000110010001100100
