794
-171
-554
697
1064
-282
19
-4623
-313
-528
1989
756
328
2736
-622
-3908
-2815
-1355
-3376
-317
3181
-333
-2802
28
-1628
-391
-798
-23
193
1684
837
-3832
1829
-2496
-2198
-2289
2918
4617
137
-1790
792
-4199
1082
-443
2366
-58
2577
856
2878
-2454
-48
-1318
1695
940
884
-2030
-1099
-2567
1225
1293
3115
-238
-3224
3589
1648
185
434
2835
-649
502
2301
-4343
-4455
1354
295
1407
-472
1748
-757
143
4263
-320
-624
2897
614
-424
-210
-3757
-168
2235
896
-2159
-2323
25
2369
-1759
2579
-570
1195
-1669
744
-1232
2439
864
499
2812
-90
-1025
4174
-778
-3231
1998
500
-2294
1316
4457
1459
1470
-375
-2929
1533
9
408
-1456
-527
-1503
-925
-1154
-1181
-1155
1860
712
-1779
259
408
355
-499
2275
1135
-2781
428
-3119
-1084
1334
-619
-1186
-744
-2153
-732
2358
122
-1034
1921
-421
-682
-1496
1282
-2667
2472
934
-1083
-920
3642
1721
2831
-1142
3363
-683
355
1092
1245
-3845
-4
2887
2157
2885
1843
2899
1590
-429
949
-5254
1744
-2205
-367
-2329
-3592
-1532
369
611
-519
-2384
-1573
-3280
-1040
-3955
-534
-1464
55
3772
151
-3154
-199
-109
-2438
178
1641
-852
-1234
-423
-1421
-2792
874
-1034
-777
-3014
523
1416
4447
-2174
-3361
-1349
-399
-1083
-3621
2495
-3001
-1766
1270
2657
3109
85
-2349
1680
-602
3106
4790
1159
-702
2010
657
-3524
-2881
621
1904
1393
175
-3635
-593
2958
-2869
1547
-1898
189
-2189
-3687
-75
-1121
642
2754
651
245
-3926
-2307
1346
3272
4446
434
-749
1679
-1838
-831
-2861
-204
2243
-2166
258
3376
5
-820
-3419
1965
-2270
-1566
-1586
-301
-1097
-2108
-1409
2219
-5410
-680
-188
1669
1618
3873
1275
-40
843
4113
-2331
30
-789
-1868
1141
866
-340
425
780
-1787
-1238
-2605
819
6504
-3939
548
-566
1298
638
268
-1572
-1861
3376
-1202
-1679
784
-236
-1021
-2006
1394
-861
-56
-1193
790
3338
4333
-124
1102
-2499
-1167
3863
1614
-187
-3205
-4010
-1298
-2469
283
-2676
1752
4342
-1672
-2641
1464
-2734
2092
2746
955
-1403
30
-295
2036
-307
1875
64
-1258
-25
-1079
-15
2626
2905
-2023
337
-2428
-804
-222
1371
-1345
4505
2640
647
3186
-1098
2508
2298
3243
3043
-3200
2804
-195
424
571
2321
-1881
699
-1161
6282
-2327
526
986
-1509
957
-1947
1166
-1609
-128
-2044
-401
132
-1964
-1589
65
562
1042
-1449
-1706
350
-68
-1125
-1070
-3272
3048
-1795
-1813
1692
-1812
-1465
1199
901
-3336
-2782
17
-1131
3846
-259
54
1151
865
1087
472
477
-2321
631
-592
-1611
-4733
1238
1437
1865
904
-705
529
-2985
2127
777
-432
3485
1044
288
105
1629
-167
525
-1930
-1413
-1174
213
-3113
-175
-4014
1056
415
1739
3473
537
2783
-399
-1397
2933
-189
-1821
-282
618
60
2214
-1180
3179
-2204
-812
-3699
-755
-4174
-2978
-1900
-662
740
-801
1538
1126
-1922
654
-2777
78
-2464
-821
-3514
2843
-1175
-6142
801
1946
-172
-669
1258
3508
1894
162
1245
1119
-1945
-2746
-1042
362
5077
2674
-1128
161
1476
-2112
-3793
-1350
1577
2626
-1729
-909
-609
2618
-2954
1375
241
-196
786
1823
-114
498
746
1377
-1194
2179
3404
-7839
-1295
-1174
964
-353
-2390
1992
518
-245
1037
206
1188
-7111
-1260
537
-329
-2724
2387
1132
-254
1687
2974
2017
-1752
-2969
1639
-2712
2675
556
-380
-1190
222
3943
-154
546
-3145
-1039
466
1762
-767
-180
-517
-1329
-333
2813
2906
90
-716
-774
-506
1657
-1646
731
-6095
-6169
1502
-5111
1621
1053
997
-1156
1693
-1197
-268
5
677
1021
-496
-1959
-3829
-1854
-195
-1862
4220
-996
-868
838
-3865
-942
-2198
-2754
647
834
3358
215
2244
1159
109
-1214
-2116
-1266
2282
2614
4073
-596
2347
2894
134
-2264
597
-2937
1497
3568
-152
3190
-2456
-1842
-863
758
1217
2931
543
1931
4235
-675
2576
1961
2338
3200
1115
-24
1473
2370
2123
-458
-1121
-48
1263
-1020
1911
425
1509
-1976
1975
1437
727
-977
-5009
791
676
475
2072
860
-52
623
348
665
-2848
2251
3279
436
-556
2462
453
-426
-1978
43
840
-3313
-694
-3140
1338
-1203
1048
1407
931
-1250
-1766
3392
768
732
-2089
-26
1815
4536
-1544
947
-53
-683
1544
-192
2375
-126
1508
-1493
809
-966
-35
-6344
800
1799
-2586
446
1824
1792
14
-656
-4155
-1556
1008
-1903
617
-589
1086
626
-23
-188
556
-128
2368
-575
-1468
1384
832
510
2278
1071
-2878
-2099
-319
285
2559
-2740
1428
257
827
-1025
1329
2117
1275
-1285
1726
2911
5117
-1768
-2382
-2855
-99
531
1041
4822
620
626
544
2007
1889
-2262
2167
-489
-138
894
-694
-395
378
1689
3255
3746
2400
-1799
-2949
1304
-1418
1893
653
-432
-222
-1942
703
1445
628
-789
-1461
6205
5370
-3156
1106
-1619
-1210
-428
1660
-1979
-146
2160
5320
-82
1922
2420
1468
-931
-445
-1220
4390
4946
766
-2058
-1984
1813
2059
1582
3815
-884
-2383
-937
414
-2248
2134
-1052
-611
2959
696
4767
-1519
370
673
-1934
-1155
-1091
-997
-159
2684
-523
2909
-2025
-271
1453
-1378
136
-688
663
978
3809
-1309
1691
1212
-2380
779
5544
1835
-1819
-2064
2060
3209
-1665
-2453
189
-5598
-2247
1027
453
-3720
271
1877
-2641
3701
-96
3636
-4159
262
935
3023
-1787
1143
1985
-1733
-4056
-3562
1010
2284
387
2545
1233
-3162
1215
370
-2308
1385
2199
188
-85
-2061
1903
-4070
-755
2305
-3240
669
-1959
3603
726
2330
1662
-498
1187
-2028
2679
-130
-400
670
355
417
1956
-1338
-1618
440
5564
-4
-2195
313
3363
13
817
3137
882
1908
3132
-1444
517
-1348
2794
5
646
-3546
-3322
3001
2517
349
-674
-3444
-4059
-2766
80
-198
-2049
-1923
-362
79
-1188
-1375
-2147
-1009
-1183
-2111
730
-3248
2101
-1803
-2370
1827
1289
-438
1960
1368
1782
-705
-601
177
3527
-2602
2004
428
227
-723
464
-574
-300
-772
126
1563
209
746
801
-1701
-747
-454
-1567
1099
90
1010
-3693
1027
-869
-3887
2602
594
1346
-1173
-945
2191
-2370
-197
1738
-97
2228
2762
2293
1516
541
-316
1864
3331
-923
819
3452
-2424
2922
2898
3063
1048
-804
605
297
-1544
-1428
-511
-728
-406
-257
-300
1297
-1146
1157
1804
-1939
-1579
-30
-2462
-4571
587
-751
2190
-975
-2279
-654
-166
-2690
350
290
2068
706
-639
-2092
-510
-1959
-742
1470
764
-2139
914
159
1869
-919
-627
-1764
559
-271
3969
3430
1158
1312
-2507
-81
-1277
2316
1542
-2020
2309
-69
-2190
2638
-2312
-309
-1005
-104
2680
544
909
754
-2185
-622
-951
1680
866
-561
3831
469
546
1983
2445
1450
-3069
-4612
-1123
-1318
-489
3949
2127
512
1274
1911
-1461
4244
-3735
-1827
465
-1588
1495
2
-1378
1150
594
-1114
-878
-1970
-4821
1067
-395
2774
1870
-765
-5048
1914
1527
2537
-148
-640
2448
668
348
-1687
158
1833
106
323
-1380
-545
-6088
-505
2124
-1847
145
-5330
2981
-1776
-3587
1866
-1622
3220
-4094
-1678
-711
2185
-512
-473
-1428
777
2485
925
2351
1390
519
-795
4115
574
-37
796
500
523
-462
14
1607
-208
-234
805
-1920
-222
1836
2624
3487
-1535
207
-146
1696
1195
-1395
-548
-135
-2909
-591
126
-390
1965
-219
2581
-1054
-1029
-2222
-931
2985
875
1478
-286
1017
3374
792
-1163
2312
646
4747
1864
2353
2696
1311
110
-993
4443
-249
14
1042
261
-3685
-2147
-2693
-3441
1557
-1767
1732
2609
-4014
1096
-735
-1227
5531
727
1099
1607
-2978
2871
-285
2622
211
-855
898
1513
2913
-2381
-719
602
-4493
-4280
1777
2031
-2448
-1874
916
-927
2556
-3612
-1255
-3461
-4541
830
-2778
1965
2223
1898
553
-93
1743
-1584
-1900
-791
-3995
-3259
-1130
-3038
-2218
-1926
-3570
-823
179
73
-501
1394
848
-1411
1227
-630
412
2559
-3783
223
-1046
520
-2212
-1700
1286
1288
4114
1158
-3222
280
828
-541
-152
-116
-834
-936
3848
-1556
38
-5230
-1353
1269
-1335
1254
-2375
592
-680
538
1200
-172
-905
-82
-394
-3878
828
311
-2840
-233
-3468
-1745
-1349
183
1481
-2054
1585
5410
3284
2090
-201
397
2670
-2923
541
0
-2345
-201
2238
327
1847
-4640
-731
-1275
-1562
199
-747
87
-56
128
-2804
671
-3488
1135
-650
4185
1112
-1216
-1603
1160
2619
-6252
-1329
-2086
1693
-1770
-701
935
6262
633
2524
2651
1330
-3523
-4089
1121
-911
1889
1675
-771
2031
-324
-914
2972
145
-1340
-1108
-2074
2758
-224
1497
228
-3947
-1215
-4126
-57
-1104
-3115
-2445
883
-4493
-3072
97
2116
821
-3355
2202
-1884
-1738
-2149
-550
1772
907
-1647
1551
-2170
281
127
-1608
-1971
-1171
2334
-3025
-44
-1744
1088
591
1160
2890
2775
5292
-2216
-296
-776
-2075
-723
-1937
-2333
41
-251
1943
-1360
-1521
-5279
-3190
-2564
907
1619
-994
2592
-2287
117
-667
-2076
4517
-377
2425
-1539
-5158
-3318
4209
224
598
601
-1463
-5
487
3252
15
838
715
-64
256
-3479
-1426
-2231
1858
-3709
502
-2028
-3566
707
-3426
184
-3728
-1181
675
-795
1168
-217
2327
-3841
2385
-800
1254
-1698
544
-185
1112
975
4471
972
2870
-1580
4922
1038
2833
-2393
1219
-2915
-1247
3911
-871
-3203
-3309
-1324
3162
1918
-2305
1716
3770
-3173
-666
3305
-1042
11
1733
525
112
1316
-3222
2870
1266
668
-434
-3556
847
-5418
5044
-7107
-1386
2769
-572
-3122
2746
-169
146
-2814
-3777
514
2312
-447
-1485
3101
2513
4046
-787
1673
488
553
-887
293
-746
736
324
620
2286
-2934
3092
546
137
560
982
993
1081
-377
809
-492
2011
653
3701
1798
-1778
-2130
-921
-99
1188
970
866
1221
-406
3503
-1328
-1410
3333
1006
-2368
-4109
-537
1862
-1528
-41
-580
959
-426
-2745
-668
134
2361
1431
3245
1952
-2635
481
-3111
462
-28
2466
3441
445
383
-1240
-2048
-2038
1748
1555
-445
1732
4211
-273
-180
-348
664
692
-271
-2827
-2105
-1045
1102
-1545
-3455
-2629
2773
-674
-1031
5189
1326
-1772
744
-877
1228
-258
-3379
-2634
-23
-277
-3216
-488
-1176
-3204
3576
-2566
-2106
-1086
2429
-2575
-2436
-1432
678
-888
1525
-1949
3046
302
507
3043
-2459
-1090
2055
-842
-2801
-2068
2631
895
262
-161
-452
1300
1299
1328
1426
-855
747
15
-1161
1416
2056
907
2890
-1871
1430
456
2620
-436
-2817
802
1718
952
-343
-1287
585
-729
491
1647
1121
658
1351
828
-550
-4143
873
-611
2054
553
-278
-1402
-2121
1950
-692
-103
-5543
112
3164
-829
-1132
-1075
-667
150
3229
-5744
2044
-4393
-547
-172
-752
1134
2200
-743
-3219
2098
1071
-2650
919
591
348
-669
-3973
111
-125
2132
-400
1146
2905
3442
-4756
-4223
3489
-190
2102
-2087
513
54
-2437
2710
-1229
1140
-3069
2604
1781
740
-997
-6408
4605
-1954
-3356
-501
2714
1175
-1228
633
399
-2113
-1720
2083
-3267
636
-1174
200
-1222
-940
327
138
-759
2257
3760
-136
690
1517
1842
2095
-2251
2257
1344
-1417
2378
-1727
2771
2627
94
-1212
-286
979
1556
1702
-182
-2210
-156
-3515
1519
-678
3491
5027
739
-3296
-1041
1102
-2621
-811
-2403
-179
-1671
-1947
662
-2030
2181
-197
2941
2170
1629
359
-7601
-1032
1077
-2535
4170
45
4086
1857
1171
-1133
2778
1808
-904
-404
-1432
-412
836
-4046
83
1630
-1910
-2098
3027
-2377
3956
-2080
2596
690
290
-1361
4187
2902
-4904
4152
-1713
-2886
-2931
403
-2233
-1977
563
1600
392
1566
-111
-1212
495
4396
415
-3399
1572
-895
519
-68
2281
-3636
2663
-3822
1154
1231
53
1111
1243
-552
6117
5366
4987
-909
2467
1337
-734
216
-1853
-1735
-1268
2625
933
2348
2488
-389
2202
2450
1772
-1251
792
3854
3726
2628
2
2622
3199
-2554
2445
-3734
-2552
-1521
2843
-571
1243
1116
1003
2020
-4336
-86
-1657
-436
-416
1876
-1271
892
-1452
-111
-26
2103
-1196
-675
-859
1673
35
3558
-1026
-3938
240
-3606
2108
-255
1362
-2787
229
-840
146
3867
-990
-2539
-51
-3763
3086
155
3747
-1494
-392
313
-1611
900
-1317
2066
846
-3750
-298
822
-1692
445
454
-3061
2578
609
384
-4074
3072
1594
-1131
-4264
-1121
-595
-150
-964
961
-2338
-829
-3680
459
-2124
-4438
2023
-494
852
-4920
-1283
800
-976
1058
-1859
2185
2958
551
1927
-983
830
660
-85
579
-3003
-3255
318
-86
2551
-1127
81
3217
2671
-1725
-286
-3733
1638
-526
-987
1278
5232
-688
-1637
-687
3991
170
-330
676
-1544
1023
-3984
-1730
358
-1167
1347
3902
-389
-419
1266
1595
884
-3047
4156
2324
-783
-1403
-985
-3357
1601
-1772
436
210
1727
538
-116
-229
-266
-2275
3226
627
737
1824
701
1767
-390
724
374
1254
-145
-217
-3984
-385
-655
1013
2410
1407
-506
295
-2525
700
636
547
-516
-411
1445
-167
-1054
-4531
-4499
204
-1647
999
3412
3167
-1047
-576
-3342
1722
-4751
2169
-2826
-2374
512
3567
2273
-634
-176
-2177
-1033
3610
557
2095
-525
-946
1441
2320
2579
-1267
2473
-2275
-504
1527
-1424
1370
-4730
37
753
-2253
152
796
3820
245
258
-1536
700
-1270
1627
-1674
2647
-3880
4140
-531
-5619
3861
-2443
579
169
-1675
-1218
293
-3131
-638
-599
-1408
2521
115
559
-722
-2709
-173
3016
-133
2050
-536
-2289
-1914
-464
-1765
1179
15
3903
1858
-122
2247
-43
-1750
-676
94
2822
1124
-2383
-443
-370
-1268
122
3315
-2462
126
1694
-151
-48
1621
2762
-2533
-1552
-62
-813
-1754
-242
-685
2752
-3075
3034
-523
2242
-3974
2805
-1445
-1573
-1307
3032
-2483
4181
-1171
-1340
-1236
-3379
1309
-1117
2127
-422
2874
608
1721
-1558
2507
4356
-794
1067
-303
-624
-3133
-884
-1598
-663
-533
3901
744
-1001
-312
-1132
-78
1290
704
463
584
-2512
-159
-1756
1796
940
1121
-5166
-715
1983
1769
1
3475
-1078
3358
765
-2775
-291
1890
-2112
3398
-1838
754
840
-1624
739
4227
-2100
998
180
656
-344
2520
1704
-1717
-1535
-2464
-2960
-1128
438
-3344
437
1072
916
-21
836
-2133
904
-1355
-434
250
733
-582
-899
1549
1332
-4507
499
1016
368
1032
-2208
-735
-301
-440
2517
682
-4370
2530
-1908
-2480
-353
-2203
-2795
-2055
888
929
-1104
1146
2555
357
-1349
-2170
2731
-359
608
546
-558
2213
1462
-1092
-1494
517
-211
-2529
2546
-781
2304
4828
2879
751
-1664
2443
963
-1341
-1785
-3383
611
-101
86
-1956
1921
-971
-3774
1474
-1302
795
-1130
2447
2195
-2040
-1441
4039
5145
2335
1326
-1123
1737
718
946
-1895
1318
278
37
-1174
4623
2159
-293
-248
1654
41
2190
-905
2398
2605
1208
-1938
-340
3754
-1995
-2818
-397
2083
328
-4354
2628
-645
-622
1338
1977
2553
-1849
1670
499
360
-1347
1089
-3092
-941
-467
-608
-1044
-2334
-1112
1334
-913
-1035
2976
1195
121
-679
2632
-3804
3094
-3324
1691
-1859
-1882
746
-1837
-630
-205
-145
-1077
411
-927
-777
1956
-2572
-622
-1588
-167
2715
4107
-294
-2150
2072
-559
-1879
-106
-4181
1303
3474
-3611
-595
177
-1731
1903
-1339
3380
246
1340
3404
994
2039
-3688
-1226
-254
2817
1023
-428
1907
4374
-2482
-1831
-4265
0
-370
1585
-726
-3505
1090
-309
-764
1657
1246
-1354
-1738
1711
4273
1236
-2227
-1326
2582
186
-622
-860
577
-1415
663
1127
-436
-2019
103
-2533
2781
150
-2852
-2624
-1984
-1916
1683
-211
61
2330
-4074
-596
561
-207
1731
3514
-4140
1327
-1471
1145
-1503
-407
2075
-618
539
-185
-1427
315
-3855
139
-207
110
-4064
-4611
-1464
-859
-470
-2316
-1374
567
5695
578
2607
291
2196
3417
1447
-1562
-1027
418
-107
1414
-2671
97
1123
-1375
1154
-2275
-1214
2822
1338
-1022
2342
-2700
-395
-2576
1118
-133
-364
1315
-1612
-2280
1846
1846
479
247
453
-507
1386
-415
1722
2203
-1497
-1508
-876
1459
-626
1351
186
-864
-1704
1783
-2262
-3318
973
-1687
3010
-4371
3013
36
1352
1800
3184
191
649
-2676
1551
1854
-1858
1343
2154
-3017
1767
-1193
3139
3775
-1117
-697
2963
-739
-1952
-2170
-4348
1472
-6613
-175
1686
-2484
360
2084
-1958
-2576
-2588
-3140
2487
-2697
-863
3025
-18
1391
575
39
-2567
-2664
1951
590
-3777
-3860
-2088
-1311
4306
326
3207
5071
-3094
-3462
-3027
79
-1030
-1506
-69
2774
909
1561
918
3386
1953
-2775
1245
-1870
-4039
928
2492
-406
-972
1204
-567
3003
1393
-3721
2757
-2452
-240
345
874
-477
3025
-3060
3843
1174
2784
-1372
-797
906
-2268
-477
-321
-1691
-2313
661
3138
-2567
246
970
-177
-1655
2729
1566
-5070
-3597
988
2767
-108
930
3347
1514
148
-111
1946
362
590
560
1953
3454
1054
2587
1506
112
-500
-1846
-3702
3479
-1349
-1526
672
635
-1149
-282
1307
-1037
-3037
276
-1416
2013
715
1311
-3403
-3006
2352
861
1118
2052
2495
1685
509
304
337
3608
-967
-1007
-444
-1688
3867
-3237
-777
387
1317
-1797
2031
-4416
-269
1795
-2099
2152
-1405
-2129
-1353
3706
-2213
-556
113
-886
3482
-1184
955
-991
-2598
901
-1854
-94
270
2632
1206
-1249
-1176
4059
1216
-1507
-1012
-2781
-4215
1981
1968
-1714
801
-797
2337
1753
-1819
1576
1912
2975
1460
-4480
-1745
-335
-287
-75
725
193
-3264
1285
-2316
1573
983
-406
-1284
-737
-2612
-997
-3324
-1858
-3989
393
864
-1010
-1380
-1604
1230
2383
-3328
7487
502
3057
-1308
1391
1277
1926
113
1639
-2871
-336
3298
2054
2415
-1775
-2740
184
-1667
1496
149
-246
-2845
-29
-4919
1513
-2025
1225
2271
-1328
883
1432
280
-1667
-1044
-380
-4641
801
-57
-1615
-2490
3408
1507
-428
2121
4565
-3842
2257
-1765
3863
-536
787
-1386
-1809
-2616
-2457
400
-1198
-4576
-2574
-214
487
1305
-398
476
-524
1830
-3717
2452
1529
492
3701
-2934
-225
-3092
-206
788
-300
2191
-683
-19
1247
-3827
2172
-1790
-641
-222
1137
2741
-2847
-2268
1415
782
2600
-2090
-1975
-879
1602
700
-1805
-3102
3764
-2709
-1809
2374
5051
-1877
-925
2443
3127
-1535
-519
2338
-832
2966
-630
-1098
-57
-297
2080
-268
-1610
3020
-105
-524
-398
1509
-5151
-2139
-440
392
-1395
186
-737
1815
-1723
-393
1392
-3800
1183
1544
-1412
4738
-3519
1350
1242
1703
1676
-1348
1536
-1881
1164
1654
2292
654
329
3169
-1138
-10
-1896
2673
16
2208
133
-957
-860
731
-1894
3789
1558
-3642
3073
-746
-797
1464
80
-1002
659
214
-749
-710
-1064
106
474
2211
-902
-2406
-95
-1488
-1685
-1315
1519
-3782
1409
-441
1475
2675
2846
824
-396
1959
715
-1060
-991
357
-867
-63
-940
-1595
3550
1805
1173
1267
969
-291
-4959
-1959
-1771
-1016
-488
1183
3830
788
-121
-2165
648
-1938
-3704
-20
-3050
498
-4310
-2274
279
2174
1021
-2321
756
1513
2780
2833
-368
2559
-889
-312
1101
-1955
-627
-3160
-1405
3009
-1400
-1410
6079
-2117
2062
-4119
2007
1334
1871
1082
-1742
-2225
-1999
1290
-1102
294
-1720
1414
368
2407
-1062
-2173
382
565
3109
3637
432
-474
1886
348
601
-2743
-2044
-89
223
-1059
-4262
2234
-2436
-615
3091
354
2331
-713
-1597
-1338
-358
-80
465
709
2455
1409
617
980
3338
-2023
1752
-775
2501
734
-1412
951
828
767
1874
-2325
-676
337
-1217
-2951
1768
2792
1377
2616
374
398
-676
-725
-1663
-4770
-2444
-1853
1211
82
-673
4319
-430
-3637
3305
1338
-1263
-3257
-3255
-270
-84
-3087
-2198
-1374
1550
-1819
74
922
216
-422
892
2813
-1101
1622
4551
-922
3015
5898
-2218
713
2675
-1810
3459
-2188
-1515
-3281
-3515
-440
-1039
4406
1359
-1580
-1013
-1238
1073
-385
514
370
1285
-376
2222
-148
-1593
-182
3955
803
1269
2161
1467
4504
887
619
2257
-3419
-126
4288
-3278
1261
-433
2519
-3154
590
-1651
1467
1423
-542
-554
-959
-2585
4490
2108
2044
3247
-3458
833
631
-2114
-1883
3375
1116
-1326
-1658
271
1475
2254
2110
3572
-1906
-158
255
-653
337
-3251
-612
5227
2009
-1685
-2796
-2621
-1259
851
1926
-868
-3732
760
1066
-903
1301
2840
-642
-679
-379
-2185
1465
5715
-389
2672
1400
-844
-4111
-177
1653
925
-359
3363
-542
168
-2267
-1875
332
-4631
-1656
3132
1858
-1971
2581
86
736
-365
-30
2966
-1200
-3728
5422
-1824
-2734
3355
833
951
1541
-60
-4193
-714
178
-2270
2121
-939
1373
602
-337
-644
-1530
-2152
1241
-543
-1588
2172
-1187
-1406
-642
-4001
-902
-1108
-2025
-1297
406
-3122
-2696
3468
-1246
513
-2681
446
-4584
-844
4623
2742
-2402
-1514
-4756
-1464
-3219
-1005
-225
-4013
-3883
-875
-853
1694
1116
-1251
819
3773
1101
2640
-1846
1002
-1784
3071
2617
-1824
-2736
1835
-5022
3142
488
-620
-469
-16
1817
-116
1346
-705
-1498
1361
1006
-1638
-876
-4903
-1924
1368
2073
0
-126
2305
632
1412
537
-333
-3095
445
1200
2917
925
2299
1158
-1770
793
3575
-1781
-1552
1797
3366
1193
-2076
-2425
1257
2506
1392
-1418
-1055
348
517
-273
232
-2371
-1287
1113
-722
-1253
-1411
171
-2480
2559
2299
659
578
-1776
-1957
-1135
-974
-2244
-772
3265
1474
865
1683
3396
-2766
1411
-754
1228
2029
1445
1637
-154
2128
-2488
132
4247
-1897
-1913
999
1691
-3777
2543
-2905
-394
-2831
807
-131
2429
633
1853
767
1869
-3893
-180
-1334
618
704
186
-196
-772
4364
-337
2267
486
-1357
-2040
-763
-1215
3324
790
1647
-748
-2209
-2228
-642
3429
978
-506
955
-3251
-1251
650
433
1767
438
1053
-1347
-1819
-3225
2991
196
-584
-1399
1475
895
1019
-479
131
38
3169
735
-104
1931
-846
2051
-906
-461
905
237
-2876
2517
-1178
-1416
1893
-2141
909
2187
-1463
567
-5840
-1791
-165
-585
1518
-526
1829
2330
1067
894
-3361
5692
680
-576
-876
444
-2413
-822
1090
193
507
-1051
-323
880
1394
2681
3194
3930
2663
-693
-1006
877
2000
2098
-1383
-912
-560
3402
-197
-469
-1333
3237
1433
-474
-1963
-2927
-3369
-908
2180
564
903
603
698
4979
-123
540
35
331
-323
-4458
665
-737
645
-751
1243
3655
-668
3422
1416
1691
-2850
-3659
375
-1130
-2885
-463
2518
2294
228
-2099
-3109
381
2045
2724
3761
-2086
-4024
-69
-5315
2943
-393
1636
3541
-2593
1035
2795
-1013
-2232
-181
-1148
1514
-2404
752
1911
2841
-807
1990
-37
-4984
122
-1418
724
4352
1341
657
593
1723
-2930
-3468
-2845
1518
-567
1444
-410
1549
-1006
-3652
-2195
662
-1317
912
936
804
2282
1711
-2109
3504
226
655
-1205
12
1451
-1295
-877
943
-582
-1516
25
-841
1142
-1196
2929
1830
-3665
892
2350
576
2280
-2467
903
-2130
798
861
-1191
4291
306
991
-61
-171
-2834
-5895
35
-33
-791
-2408
-3209
-761
2434
823
672
-1456
-66
46
737
-936
-1861
3657
1431
-2891
913
992
136
-2188
1808
651
2926
3128
-190
706
-557
-1181
-1904
-2049
4076
3183
4078
-2343
2505
-1057
333
773
-1695
537
902
416
-1636
-1138
-218
1043
4
4043
1620
-1002
-2428
-2293
1136
988
1227
-1963
459
2352
-142
285
2007
-377
3995
2280
-243
-2287
1201
696
-2630
-2798
798
-956
2847
397
29
1642
991
-2074
-845
2534
-389
76
3833
862
971
1734
1732
94
-941
1641
879
1893
181
3
-2899
57
2616
-1355
-35
-747
-1651
2029
1222
-2007
-548
-3210
3652
300
1119
-3641
-909
-3357
974
2531
336
746
1663
1294
1697
-234
1826
-412
-1408
-1336
-1309
1204
-5128
-1165
-3569
-632
-342
2131
-129
-757
-1377
-1486
-778
-262
237
-594
582
4050
-1259
4077
-63
781
-890
2398
-3561
808
1104
-2961
178
4230
-347
-1672
-3393
-239
1227
1289
-1891
-534
-1248
2180
607
2907
-1810
3393
2800
-2039
-1731
1443
989
-2688
-785
1195
-840
-2307
4810
808
-1590
399
1528
-5831
347
1622
-1915
-3385
2995
2162
798
-1993
-703
-240
-20
447
-1569
340
2109
764
-1151
682
1005
3762
-4260
1920
-4728
-1509
1841
-1775
-167
-296
-2039
-1205
518
-1331
-813
91
-1844
2719
-1169
-2420
55
-641
-1283
60
-5599
839
-2279
-536
-135
5433
2620
1377
-1259
-1728
-3626
1815
-3793
-1437
1553
-1626
-489
-124
-2275
-5250
465
1166
292
1950
2194
-2286
1766
-232
2476
155
-1054
-1566
-218
2316
-682
-1914
-1892
757
1602
1046
3575
3140
-1449
-1618
-2156
1633
-43
3060
-1492
-2282
1320
-437
1438
27
-461
-570
-2030
-1117
-286
-8
-905
4333
-1651
4085
-3420
-800
-1625
1208
-3443
-1134
-1581
3077
15
-2546
-972
5316
2474
504
-1814
-1932
2039
5430
2115
67
3922
160
948
-3411
-432
366
-490
-1339
463
-989
2759
-658
474
1972
1261
3478
-2789
1171
1568
-1333
1297
63
168
-765
1656
-1323
955
-1122
1277
586
1098
-1076
-387
2108
-1631
29
39
1352
1426
999
4764
195
-3335
-201
264
1650
19
491
-2184
848
-2316
-6483
1791
2425
-190
-299
-2752
-985
1337
-520
756
-5079
1511
-5950
279
-3435
1188
3514
-1537
2140
-4816
-374
-611
3637
-945
1641
-1464
3658
1744
4469
-1703
-318
1133
64
266
3508
-2218
2803
-3380
-2522
403
1442
657
2049
-312
651
4392
1094
2294
622
-2348
1376
-184
-126
-2413
-1408
5213
1455
3108
-3331
-2490
319
-271
-374
-875
-2795
-1619
-719
-1272
24
2614
2428
2987
1027
-3969
586
-508
-1072
2489
472
2395
-730
929
-35
-2048
-2904
382
-523
2554
1354
222
904
-1423
-1706
2430
1822
-4095
-1313
3349
-4276
6176
-2718
1408
-40
-2775
-5423
496
-1729
-858
1786
855
2915
-13
-1440
-2958
-2503
2457
-898
-1664
-1
1455
-2823
1198
4381
-2010
-2121
97
165
367
1380
-677
581
800
167
2433
2616
-23
-2237
-2641
86
65
-1603
-3773
-384
-279
2326
1728
-1667
-101
1308
2625
957
-1008
3894
-349
3817
-3737
-292
-4355
2196
1798
428
1631
-2212
-539
342
984
2048
-990
3085
4650
-1620
1116
-635
-3700
1759
-2798
-935
-1922
129
1406
2385
-187
-1756
1234
1813
2881
2613
-808
-879
-115
-3661
3132
-288
1303
-1282
-68
-153
-3229
928
5189
-1578
1322
-1119
278
-1209
-813
-425
1068
-1183
2766
-4043
1372
1077
-2061
906
-784
398
1313
-979
424
2568
3255
-933
-1352
-2168
239
1851
-1079
85
1969
423
-375
-272
-2771
601
-2052
-1957
-363
1552
-1149
-314
-1228
1224
-870
1145
-2776
4013
1036
132
-163
-3218
369
2195
-2440
1884
-3156
-1197
-3548
-347
635
245
111
-2071
177
1601
-281
-1685
-443
1827
-5587
-2608
597
780
70
4494
-71
2250
3806
-1064
-1697
-742
144
-890
1656
3236
-741
3968
-2338
51
-1635
-445
1754
-5844
3121
251
2577
-1284
106
-510
-1425
3153
2602
-1019
-2534
1778
416
-2064
-775
-438
1407
370
-2106
211
-64
4355
-2889
-1518
-433
-1450
-928
699
1344
-222
2113
-2318
3070
1832
2055
1578
-2531
-2113
727
-1367
-587
1262
-1943
-907
-1243
1601
586
-1556
1072
-1386
-1972
264
-1439
-718
2936
1691
-1782
-4463
2006
762
-904
-2659
-189
-3114
-3351
867
-1228
-87
-2518
-853
-160
217
2045
1104
-11
4338
2432
-2232
-128
2091
4231
2
-1160
1015
-1788
-1024
-146
582
-807
1426
429
-2752
-2755
1784
-3286
-3408
-1172
945
-1211
2918
5162
-497
255
896
-2927
-2660
41
-3686
-340
306
-1731
-1294
1841
-3016
868
-563
-4393
-255
-1045
557
440
335
-573
-353
-1363
-1358
3043
2607
810
4755
687
-849
-1393
1240
4056
-531
-1008
47
-763
1657
-2378
412
-32
-617
642
-1667
-142
-194
-4095
-2762
4253
519
-3051
-2699
-1754
-1249
1502
-3991
1731
352
83
786
-2776
-4769
-554
964
-754
1593
1911
-144
1931
-2337
2052
519
-892
986
2162
115
-2215
-1537
-1620
1324
-1273
3902
2869
1912
3832
2721
1598
-1320
1695
-1282
-1501
1652
277
2320
4239
-1099
1414
-2125
-298
-3964
-1296
994
-1192
-1187
2775
-2218
1564
471
-1168
880
-2672
796
-3649
-1584
-299
1696
1953
107
2661
-541
544
-869
1135
-509
-1723
19
-252
47
-1164
935
-461
-2617
421
-4262
-1831
-98
-238
-2914
157
-1517
3344
1732
317
-4687
-2893
-518
-212
-2661
2441
2484
-2013
241
-55
4026
1044
-3562
1167
2449
1842
-288
-1116
148
160
-2390
340
332
1524
1933
11
-140
372
-606
231
1752
-1116
450
1635
-102
-151
510
-580
-1188
-1614
-348
-610
-3341
2267
1125
26
183
4686
1401
-1934
1635
-945
-2653
548
-360
-4200
4441
928
-3339
952
-1928
-170
361
-2991
-1442
-916
2249
1608
718
606
-100
-592
1809
811
538
-573
421
2077
587
1234
-2889
-3046
708
1080
457
2638
2958
-1335
-191
1162
-2881
-1444
536
-751
-1882
615
1329
-305
1063
-472
1251
427
-3522
1554
3443
2416
503
1398
-24
-521
992
2332
1869
-773
-5574
642
2258
554
-1082
586
1702
384
1290
993
-1973
-3324
-822
1240
10
-1717
2685
1243
-3623
-1707
-12
-3266
-279
-3603
-704
-197
1898
1789
2716
-828
-4583
-472
-1993
-593
-640
1904
-2730
-909
-2277
-508
-853
-2628
-1545
3847
3041
1230
2746
1502
3518
-643
1796
2867
-1980
-1903
-78
510
-1667
372
2374
1321
-1673
2274
-935
667
706
481
-2605
-281
-2252
-434
-1548
3050
-1237
-2040
-1532
-723
1688
-1905
-1730
2717
1204
-307
4209
4924
-820
-4485
874
-2309
-3010
-2053
-2494
419
722
439
-3428
-879
-2802
-2167
1353
-69
1898
1853
-2004
-845
2745
-794
18
680
945
-2327
4232
-1869
3274
1072
-714
-2434
347
-435
-181
33
-924
1337
-5768
1576
-1751
3536
2033
-710
974
863
-3004
-1076
869
-1690
129
-3203
-112
944
-840
546
-2790
-1751
2872
1130
544
3648
-1115
-1606
-569
-614
-2958
170
-87
-1025
757
-261
3064
1423
-1570
466
681
2547
575
6838
1317
3765
1262
-976
-2953
239
-2221
-1001
-429
-2150
-1360
357
-1234
3599
524
-2732
-55
226
-2136
-848
-46
2685
-874
-6655
2176
-3207
-807
-238
-1300
444
-979
-928
-4027
-2741
-1745
5000
-2425
1269
5643
-1242
-1427
2154
-658
450
1078
-2932
-731
-1108
5125
-1361
1379
-2855
800
-724
956
152
-487
5431
-1114
705
746
-450
1379
-3433
-842
-1049
3585
-523
1587
302
601
-487
-1806
-2413
1595
-1519
3958
1236
793
-743
-275
-598
1455
1425
1449
-555
-165
-830
395
188
-1141
2483
-503
3260
1533
435
-1273
107
1649
2480
2014
1440
1531
-972
2007
5155
-1313
2289
-387
-210
-863
2602
-404
-2684
1472
1822
-828
3001
-541
-1623
2071
316
1296
2012
-1362
-1906
326
632
1023
-1401
-373
-1983
-1480
1501
4544
698
-1580
682
1586
2013
1552
1321
-293
-1326
13
1262
2974
-2898
-342
3151
-2165
-464
-3046
971
-2081
2369
348
-3339
2086
4084
-556
281
296
1060
2261
-2473
110
290
-2672
980
-133
4097
-1605
-2943
4921
-524
-1396
-1352
-4932
88
589
-732
-375
-3283
2450
-367
1118
1423
-2356
1056
-2640
-1545
-91
-1230
943
-1532
1007
-4276
2252
2599
-3151
2492
-487
-2646
1582
-1123
1292
1618
1329
1517
2346
-2997
2278
-817
2487
4847
-6509
-97
-2385
-1054
2018
1130
-3807
774
-587
-1366
1968
-993
-1418
484
1002
-970
325
689
2409
1956
-1134
-810
-4451
230
546
1526
-1568
2520
1337
689
-460
2228
4357
3255
-1297
-1679
-202
874
706
2736
-4334
-1057
2215
147
61
319
-1580
-741
1988
-579
-2201
1291
-354
1991
-794
-547
-1610
-1407
189
2278
817
-1109
-2940
1131
1894
1893
-2441
892
-5245
-1893
306
-2518
-3
-1911
276
-2600
91
653
4882
-1479
-2763
4095
-328
-2288
-866
3080
2415
-5083
-528
2291
-749
3574
-110
5987
2501
-816
32
-234
1682
3596
1236
-1498
769
-3141
1128
1066
-1941
835
1257
-1134
-1343
2066
533
-2526
3353
-3357
-620
-4169
-1929
348
58
3323
1188
3665
-1702
-2453
-2950
-2030
1790
261
-53
-1706
-611
696
329
-1975
-1349
942
-2852
544
-1523
2381
-404
27
511
4087
-317
1971
-2951
41
1758
-795
-1203
1013
-1155
-1011
-1379
-1956
-484
-2158
643
561
187
837
595
-260
-590
1944
-292
106
2099
-4300
-514
-1538
1671
-405
114
-55
-1548
2101
-5978
392
-1616
79
-1073
-1186
-1799
3713
-3426
3039
1254
1373
-222
-583
647
1510
-651
479
681
607
-776
-1407
-3960
1956
-1529
-2448
362
-2637
-69
-483
570
2107
-884
-1251
4976
-452
-2407
1042
566
3083
-82
-2675
289
-1359
2016
-731
1116
-731
3419
3166
-1198
-60
-1173
3048
1723
12
447
-1570
-1965
-2607
-1716
1247
-912
1208
-132
-155
-399
1649
909
858
-3278
1250
647
4258
-734
2103
2532
956
1957
2596
-181
-478
498
-2874
2358
-3117
419
-231
-4356
-376
-1126
-1258
-1926
-402
-2847
124
-1497
-4005
1199
-2975
-1471
593
-1973
-259
-3049
726
1398
2178
1436
1303
-1808
2528
-1202
-153
1509
-2840
-2738
-550
965
-161
2151
1386
-8468
-413
296
-451
-1531
-38
2641
877
835
669
1967
464
-1008
-966
-1674
3364
-943
1050
-1074
-463
3051
1667
-878
3887
-413
-378
1452
-208
1565
2437
913
3966
3345
-3087
-871
1528
-981
1012
-2362
-3207
-3223
-1084
-1365
-1675
-2531
-1398
649
-3658
1256
1172
403
-446
1333
454
3705
1839
-938
-382
-375
1444
-218
1624
1506
-1415
1457
694
-2716
4267
1972
191
2189
1322
-706
-5122
1003
-1800
244
835
1478
1690
-1097
-2232
-4343
-1692
1806
6590
1908
-772
3152
-1658
-1550
-173
-524
-1139
-2007
3068
-2270
125
-2715
-1231
635
2812
-359
2547
-2126
1347
1277
-3813
-4057
2383
3261
-107
-343
987
1720
1471
1102
-3794
-2718
2050
-2034
-471
2708
415
4280
-2273
-966
1430
-1180
455
2496
3628
-3784
-1323
442
972
2093
-2936
319
-1598
-1400
-308
822
1487
-1462
296
1930
-2254
-104
-828
940
1677
-1710
872
-742
-3808
-70
1055
1220
1625
3346
1536
6651
-2117
1171
-802
1715
2149
2832
-1027
3181
1663
-738
-982
-2165
-1221
-1012
2931
1351
380
-1012
1161
-2068
-261
-1481
-1096
1076
-202
1054
5061
-2153
-315
1747
-728
2539
-1396
2603
3790
-207
1050
3072
848
-2525
2542
2378
-1208
2787
-696
2013
3735
-2593
-185
-1088
-624
-936
-336
605
-2556
648
5695
-4718
140
-3557
394
-2794
537
-1944
-323
-254
-775
4287
-4647
-1432
-2916
2424
166
890
-2701
-1025
2330
-345
1094
4495
-499
-2501
4399
780
4134
-1998
-3839
591
-137
2809
1585
-2303
946
976
-2140
-1992
1893
-98
-2161
-1060
-2628
1096
-1638
-1417
-1872
-1772
2393
2087
-938
1861
-1486
-281
-2153
-493
1363
2726
-2422
-97
4210
133
-412
941
-487
-3534
-164
3580
-3928
1307
1628
-3241
-3
-572
-3756
-2550
-1519
-1605
1460
203
1277
-3193
1660
269
609
330
854
-268
-2189
-1846
-1633
-415
-850
-443
2124
1682
-819
1407
440
-1319
1815
-1024
1960
-1095
1313
1111
-460
2608
1687
-358
3589
-543
-3044
2328
968
-506
612
-2521
-570
-2805
1201
2279
3069
660
117
-1659
-1587
-4216
-937
-2371
1150
-698
635
-1485
578
534
-1258
1167
-1989
-2303
-125
-2969
1017
2028
1050
-1831
-1217
-1389
-783
733
-395
-2767
3615
-2249
-865
4702
931
-5267
1365
-895
681
-1765
-1547
126
-952
599
451
889
2775
209
-819
1412
-338
347
1689
2269
-658
-469
-4329
-261
1682
-1791
2543
-1996
-138
250
-1120
694
1269
27
-1593
-1333
-170
-3302
567
3779
-241
65
1511
1886
1169
-4811
-218
1037
-1534
-999
1605
-198
1775
-2415
-164
856
935
2513
1153
990
-2247
-1051
2732
457
-321
-173
-776
13
-1198
-2588
490
397
-1481
1774
-161
2897
-1655
-895
6641
5132
-682
2157
-4717
2459
-1771
1267
-1279
-1609
3693
-1068
-5587
3373
824
386
-1413
-648
-948
1915
-788
-4068
583
1772
-408
-1360
3353
-3282
2956
935
-429
-1462
-1947
-504
-628
-384
2023
286
-2662
2521
-318
3929
4308
-2349
-42
1696
1573
531
-1049
469
310
834
-1167
-566
2826
1354
1725
-992
-147
-562
-807
985
1172
-1781
200
1001
211
-2426
133
738
701
-3277
1837
-1415
-934
4254
3049
1364
635
-875
-220
2522
1442
463
-192
-241
-1313
1125
37
423
-426
-3330
-3805
-1938
-1741
-862
-255
-125
-470
1206
-1605
688
3026
-1132
3277
-3052
3698
1923
-2881
631
1940
-483
-1957
-1176
594
-1108
18
2446
-2334
168
-936
-1459
912
251
2126
1447
-1766
-2180
-2177
-2063
18
753
-11
-2443
-903
132
-2403
-2451
1861
1809
-2008
-3862
-229
4426
-1820
-1148
1888
4103
-3592
-2188
838
2352
-680
1376
-2863
-2101
-2048
-1892
590
-3862
-3582
1779
-70
-2833
600
73
-832
-823
4571
1280
2477
1014
-256
1160
-178
-1379
-2347
-3894
-2752
-3841
2009
582
-233
518
-5295
-1513
204
-2736
-932
1466
-4616
-396
1576
-1407
-2177
2690
-885
2840
-1795
2036
-1146
4324
177
-1440
1788
-2032
-1784
-399
-1510
897
208
-2945
3134
-291
668
-251
64
1346
-1974
1662
276
4050
-228
1315
3622
-2900
-920
-2203
-389
-3529
2054
-714
-379
1136
1599
-241
295
-3109
-732
-1806
974
396
-1503
-3614
1391
104
-2040
-1682
3561
-3739
1708
618
1569
594
-2546
-757
-2985
323
3626
-3226
1633
777
3838
-63
1780
1219
-2925
31
1707
2383
603
1621
1439
628
-687
6852
-553
-2806
-3671
-1512
2721
-1515
-1166
-1696
262
1125
-1152
-4216
3114
-3140
-1483
-1958
2708
-1609
-4078
-857
-1031
1808
-3553
-2114
-3552
1923
-1180
-4037
62
3381
-650
-2226
-2394
-3713
3964
-4427
1907
-572
2207
-2224
-2320
2373
-575
923
-124
109
1413
-592
876
-1984
546
-807
4396
-931
1237
1212
3067
-977
1314
-5992
-648
1520
2229
599
1286
3454
28
-385
576
350
-405
42
2719
-1855
947
-3179
157
-666
3519
274
184
1333
-3913
-193
-1658
-1073
-23
439
-2246
1505
480
2463
933
527
-1566
965
706
2569
-3483
-3578
556
1310
-2119
611
342
536
-3227
-1233
2929
4207
-2019
-1999
-102
-2142
-3033
1892
-1362
501
3100
-1085
1083
-582
-281
565
619
2384
493
-5496
1772
1499
1723
-3456
-1841
3935
1301
545
547
1165
4157
-772
3773
-1992
-1220
-610
-2388
1466
-3220
3245
-1731
820
-2619
-572
1450
1824
3281
-8246
-3211
-979
2030
-2298
-1141
813
-3795
3028
1214
2049
1843
34
2843
-147
641
263
-113
845
1767
-724
-370
-212
-2608
-2753
-5029
4420
-516
-1285
-2112
222
-3016
3519
2433
2468
1546
319
-6823
1759
-2522
-562
-1638
1885
1398
-929
-2711
3436
-832
498
-89
97
300
1093
2142
-699
-3319
2766
-2261
-1800
675
363
1025
-1092
-1128
4019
-2056
2331
-261
-835
1920
4310
127
-103
4008
-423
3168
1540
2416
1182
-273
438
788
-8023
561
-1490
-942
-1577
4421
-2691
-2192
-1447
-198
-3617
-542
-5
800
-2338
1011
-669
-107
1170
-3308
-540
1103
-1819
588
-1728
2309
-635
1301
-1201
-292
-194
-2713
-504
-612
-681
3399
-1876
2863
-436
-3821
-3023
2164
3378
86
3097
1597
1384
218
410
-1679
-3991
734
1006
-2071
229
709
1656
-1279
-1172
756
1751
3982
821
2737
3321
-1895
-751
-2672
-1541
5644
-2308
1234
3413
-132
-2084
4161
1818
3087
-1656
680
-3454
-206
880
992
-2811
3931
611
2992
-1726
-1175
1958
-2649
-4469
-22
-786
241
1697
-2598
619
2653
2976
-4197
-2092
139
-1611
-5536
-1626
-2410
375
1226
-1905
-291
-395
1142
356
2422
2849
-4240
2820
-731
324
-1408
1975
-1162
1076
-3458
-2018
-3307
463
575
1446
-3018
3616
3226
-3453
297
5171
-697
-809
-367
-1085
-2
406
5654
-374
-3123
-3081
-145
1265
-1377
-810
3110
277
-3104
-1188
3381
2034
443
4123
2861
3053
680
-2473
-438
-711
-1385
-2715
-192
-3324
-509
-1220
-2893
229
-1158
741
1203
-3810
1722
476
-9
350
2041
-996
819
-2881
365
-1682
1378
600
427
-2091
-1774
896
-460
1610
875
-262
2490
1716
2723
-1346
-18
-1055
1132
-1989
290
-2797
2653
-2671
85
2002
1404
-983
152
628
-3186
-1291
882
-2158
3382
1533
-5017
-4057
-789
4031
-4060
-1146
-1085
-667
949
2207
-109
-67
-441
965
-449
-1301
-625
-2740
455
-2504
-1189
-2298
1518
1277
2147
-3
-535
-1012
-4013
-3876
82
1219
-1419
-2517
-1418
-3109
-873
631
56
2225
234
1515
-693
1083
272
-1830
-1912
4215
628
-773
-4161
2987
938
2277
-2050
-1173
538
12
-3154
-398
-2560
905
3452
2408
62
273
-2489
-23
2330
1922
616
1278
-89
595
403
-3480
-2243
2010
-633
-3217
3633
2152
-1908
1287
4201
1064
-3271
-2104
-1248
2405
-1485
-214
132
1700
-3182
2188
933
-2826
-3541
1596
1772
-472
269
852
1454
2420
-880
1441
-2451
-688
47
266
270
-1490
1599
4834
965
1954
-4041
-1836
-825
-1443
97
-798
2635
18
-2813
1800
-4091
286
2413
-1851
1562
-216
-1652
2224
-3992
725
657
-563
909
315
-1617
1305
-3254
789
2080
1924
113
3326
-872
29
-771
1238
1235
1326
-470
2468
-785
2015
565
-54
-2391
-1873
781
-566
-250
3425
683
-396
4368
-1456
-125
106
677
-3750
2992
3629
2230
-227
3363
-1823
-3152
-968
3837
-4392
-93
-3418
1169
-2002
-1239
2069
1896
-1158
819
2831
-2118
64
-358
707
-2198
1637
2657
734
937
-491
1396
60
52
-2563
215
2488
-5319
-897
78
-1178
-79
1100
-591
-1937
-807
-358
-782
-481
1196
455
-2710
274
-1395
1604
466
27
30
704
-611
844
926
1388
1920
2809
-924
-942
2047
-1481
-1276
-525
-716
2503
1208
3067
-1378
-1753
314
-63
2285
815
5281
-593
3232
1567
-2732
-1988
1014
1427
4621
248
561
-3124
-210
-2755
932
-2011
2018
539
1367
477
1918
323
2320
1022
-284
35
684
2005
885
270
-1751
-289
2978
157
-311
-3209
-855
-1694
1414
-1228
-3743
-3699
2534
-2727
1843
1765
-1410
2683
-336
1937
-3692
1342
-3176
1109
2275
1016
-133
-801
-755
151
2464
-1159
3782
2694
240
-622
2556
-2005
-222
-479
-1590
1185
1468
-55
946
3280
310
726
55
-425
-4038
-463
-499
609
-261
-4267
3193
-3128
2179
2115
1773
-1226
-1720
-1925
329
2034
1521
1482
1627
2103
-270
435
-372
-600
-678
-1007
-1745
-690
-2565
-1669
699
-2664
-452
2118
1909
3148
-615
354
210
1802
-1186
1925
-726
-2603
-1514
1131
760
1742
-1487
571
-617
3513
1459
1106
786
3539
980
1525
1122
-1907
2321
2530
656
983
-4645
-233
-1315
-1393
3912
3449
-1807
1124
138
-482
2159
2340
7
-2026
-3894
-2790
-2384
783
740
49
1485
4724
2919
2075
3211
-566
3355
-102
-1561
326
-1232
536
-1222
-1180
-644
1933
1127
-252
-2552
537
-709
-416
1587
-1271
-1358
-1406
-2201
2671
-1825
-274
-1005
-232
949
-2291
638
659
-1575
-956
1202
2581
2118
1506
-405
1992
666
3909
2509
4612
520
252
3010
-568
-2053
1390
1071
-797
-2359
1690
735
3348
65
2634
2665
792
2911
-283
917
2303
126
1262
-2217
-3800
-1613
1199
-544
-1206
427
-3083
2267
-2037
155
1012
-2205
2226
835
3218
-1344
-503
1058
1381
2670
291
646
4876
311
-3064
-3029
-3067
-763
2339
-59
-3651
771
-1526
780
5021
-572
2436
1336
3158
-402
1242
-1790
759
515
2033
-3199
726
2
197
2694
-1136
57
-3441
125
1008
-696
5784
2593
1258
-951
-2122
195
1178
65
2551
-1789
914
-1501
-891
4050
-702
456
-2734
-5153
2347
305
-292
-584
1401
445
-65
365
1504
1492
161
4300
2927
-2299
-3179
-3193
-561
-230
-2727
3228
-129
-391
2718
-2642
1520
1618
29
725
-204
-428
3589
2869
617
-2527
3810
-2005
1766
-2204
360
621
-3110
-1101
-1987
1952
766
1659
-1762
1511
-3153
-520
1164
-335
-533
169
-3632
758
1262
2592
-3424
-2181
151
1961
1043
1544
-2607
-480
-329
2563
206
-1191
-2241
2532
-2362
-848
827
1650
-1505
2809
-557
1621
-430
2849
1894
-1008
3155
-521
-428
-3385
-97
-1214
-2105
3529
-5001
-83
30
-3344
1858
2342
817
-892
-5549
549
566
2327
3738
2168
1578
3330
1665
-768
3167
3234
4155
-2743
1988
651
538
-1583
1230
-1529
-1883
771
-2038
374
-2915
1855
2038
-221
166
1513
609
-866
-2617
101
-302
-1259
4353
-13
-2253
-3709
-588
-1530
3620
842
1111
-2161
2336
-3305
-2596
1775
-574
-453
-2066
1298
3649
-1082
-2786
395
-3945
-3089
-261
2962
1563
-1065
826
-1975
30
1810
1152
-388
-824
743
-572
2248
3651
2594
-832
1633
632
1714
-2011
1473
-229
1535
328
-797
1978
-2910
2901
-2646
-784
-11
-923
2171
464
1683
-1861
1732
-571
-1879
-2088
-7208
-3538
-992
-3141
280
-492
16
-1408
-57
3060
842
2936
2843
-556
-1717
-3196
-3760
3107
-1459
1644
-15
44
-687
-1717
-1483
-739
807
-1964
850
-2697
4193
-609
-42
2042
-3136
1909
2364
2081
556
1410
692
-121
-402
1965
-3419
-4829
-990
898
-2990
-2760
-22
3047
1688
652
-1190
1109
1826
1765
-1680
-1792
1565
699
1544
-2342
-595
-703
1311
-991
-293
-1131
3315
-1674
2711
-463
297
-3528
3545
975
1139
490
-5081
-1849
-3499
4
1749
6414
-745
-2595
1098
-1378
-1146
-2452
1700
-1142
3956
1545
-2084
-4178
1756
-1274
1702
2880
1098
-1013
3302
2044
-1386
1111
1922
-2433
-2960
3213
1895
-2479
-3914
-350
5781
-2230
1285
331
-622
3269
1438
-3021
3308
6026
-2
2125
1965
1915
170
527
-3180
-152
-359
-2171
-3311
1926
761
206
1788
-1235
-905
-1862
-882
-1227
119
1871
-4574
612
-4015
-3127
-2571
2275
-50
-40
-1061
-3959
945
-3772
2241
-3879
744
-941
1457
4866
-2054
2506
-5454
3615
-450
-5882
720
-93
-2198
1789
-2856
-143
2094
1056
3170
1907
-1339
5070
1358
1228
-2173
2228
-1227
-2958
4231
1101
586
125
-2406
-620
-3474
-619
-3697
-503
337
2870
-1196
-2035
-819
3037
1362
-313
-3290
-1099
1962
-2441
1127
-1770
3551
1371
-6040
1697
3806
1432
-1219
3516
-4285
2498
2277
-566
95
-1317
24
1571
-3197
-984
1317
-2018
-3293
127
-1106
-5150
-3740
-1264
3154
3140
276
-1506
1987
-1105
-1867
-594
-2036
1715
3934
-1523
-464
-6556
424
2276
2648
4082
-1688
705
3324
-1613
67
-5
871
3216
2082
-1229
2846
876
74
-2261
-3750
1817
125
-3738
-1948
-1401
144
-385
-1785
-539
-2116
3311
-520
-1407
2158
564
-77
2640
551
364
-5424
213
2605
336
-187
915
-477
1966
1077
-750
-3144
-4458
3037
2464
-902
2160
-1569
2391
3330
-1985
2310
2652
256
-548
1554
-2736
5061
2007
1729
-1745
1045
1481
236
-855
-2463
427
2194
-1941
-1955
428
-359
618
2900
-585
-1166
2820
-1684
-1929
3245
1233
689
2704
2902
-1288
2567
-946
1319
-453
1427
860
2548
-885
3
1162
-2994
-257
-3343
190
634
1584
1036
273
-2153
-1721
-773
-2194
518
739
-2503
-1328
34
-1173
-1933
-2453
-1312
4248
-892
-1433
-124
-1995
-185
1688
-1151
-1933
1709
4039
-3547
-1704
-315
-658
-3606
480
173
-4007
-816
3386
798
-112
-3961
-266
-514
5446
-3
3134
268
-452
-1911
-66
-940
320
3585
-1723
-1105
-1313
-3099
5328
1215
-854
-2552
3161
2116
-1373
-1463
-5055
-3030
1350
594
591
1865
-2706
-3574
-1719
-1852
970
524
4335
-2870
-1723
-1318
-305
-2225
901
-630
-2579
153
1533
181
-1745
-3300
-2253
-5371
3120
-1984
211
3404
-3372
760
-159
-1469
3973
-1278
76
2821
1381
239
5212
961
-1225
50
-338
449
117
-483
2427
-723
-79
-2199
-2749
-495
-2545
606
2077
-3029
-1661
2538
610
-907
-314
-1514
365
-783
1904
-2811
1399
1462
3554
1187
827
2285
2052
-1966
-123
235
2467
530
-497
87
-3183
-929
577
5002
-180
807
-2940
-3111
-2967
-1746
534
-1803
2358
1987
-3049
-333
1318
-3275
-751
1529
-986
1652
-2052
4579
-971
-3139
3563
-1850
-2818
18
3587
512
1296
-545
1180
936
1814
4
-1236
925
-3172
1494
762
4438
272
-1071
1017
989
-1235
2841
-3575
-1114
2466
3511
-205
-1312
-1344
-2236
3277
3547
1981
2035
3433
-1216
2646
-1581
855
-3797
-924
-1030
1353
524
1912
-6851
-1020
1145
3322
1443
-336
-2306
2457
1496
1681
-659
-243
400
-1119
-1615
2209
-873
3316
-1853
601
-3321
2619
-2944
-1597
1331
-1763
-675
-1101
3622
1394
-979
1321
-1572
1800
-2002
3157
-2626
1901
2197
1028
1110
3800
-4469
-2525
1047
2712
-1299
1357
1973
-2113
3752
3124
-2175
-317
611
-713
-1648
-3184
2486
6
1032
844
91
-3151
-6289
1069
-2717
2127
-1358
-2031
870
-2538
-404
2257
-5
-514
1963
-2020
2258
2443
1282
-3069
62
1923
2325
2923
-491
-2329
821
-188
-1031
176
1499
-4354
-898
-2121
2061
1412
-417
-983
1673
-32
1656
784
-626
2424
-1105
-340
1294
2986
2628
1914
1532
1458
-1601
120
-1922
559
-2727
3228
-1920
789
1591
927
713
1426
-1346
-1962
-332
-1418
-923
-2475
481
-879
-1959
1405
251
2969
-1185
-3085
-2608
-2222
-1793
122
333
1622
1914
1193
-670
1343
-2405
-1529
1823
3827
2200
2934
-216
-2555
-2412
-2290
-3423
-4096
-1760
223
-3321
-612
459
66
1696
1116
2432
-3911
-1952
-1460
-1114
3188
-1313
2890
1776
-1692
1816
2584
417
-7001
-1932
132
-3736
1399
3475
-4246
569
-1259
1947
740
-683
-1429
641
-642
400
955
-2779
1651
2486
3008
-1235
5502
977
350
-260
-228
-92
-3895
427
1826
100
3662
-2008
3416
1226
-46
-1508
1421
-379
445
-1089
687
-1985
1371
797
833
567
-2065
967
242
768
1419
555
-955
-2694
4166
209
422
2165
2030
288
-4034
-104
2659
1158
-1403
12
-1054
395
1146
-1437
-1469
-382
2752
-3566
-910
934
556
-1422
-705
-353
482
-1617
1827
-2099
-965
651
-3258
-826
129
1517
-405
1801
3721
377
285
-3057
895
1127
816
464
-1682
-1198
-3966
-7487
553
-5089
-136
2253
1248
-2016
1882
1355
-2988
1577
2761
1207
-625
-2795
-3139
1057
2772
4699
1301
2489
-796
3668
-216
722
-320
1169
157
2620
993
3801
-521
478
-1322
450
-2155
126
-2259
-865
-1053
290
-1082
-1601
-1061
-336
-617
-574
-2216
484
-566
-1328
3566
2584
119
-1689
576
396
537
902
-110
2077
894
-2239
-1290
-5063
6268
-169
-5346
-2653
3089
-1919
-568
39
-9
-739
4211
-1067
-713
830
-39
262
403
1673
-2566
-1212
-3006
-691
34
4481
-2330
2034
-894
-14
-2501
1755
2675
-1447
-4926
2237
-4101
1154
-1536
1579
3452
-3699
1349
3779
1147
-825
-2680
622
-1346
-2965
3733
3461
-2051
-2559
151
-2493
-3181
302
-1589
-771
-1636
-446
-1071
-1200
-1110
-505
1181
-64
-1455
1676
-3361
1113
2095
-168
2281
1125
16
-1843
519
-962
430
2983
805
-1095
1248
-366
915
374
-3236
1755
-1776
-1179
493
-1575
232
-567
-2640
2069
-1046
-4649
-3672
3305
-451
-166
372
-481
-1075
2500
-1009
-123
1300
2618
3436
-462
3587
277
-91
-887
-4321
-750
1130
1086
946
223
-1390
-1314
1911
-102
391
1480
190
-5354
489
-2071
398
-1830
-1276
-3383
120
-1204
1002
5750
0
-1502
1329
2267
-396
-3491
509
-2345
-1852
-949
360
3523
1715
3190
743
-1986
-1388
-273
-347
6
2070
-89
654
95
1605
1287
1927
-3327
2820
4464
-552
-24
594
-1661
1226
-3553
-1724
997
-1592
2263
-3134
-2050
362
-1745
1182
400
-288
374
-1643
2285
3267
1727
2219
-768
647
-13
-2334
-778
-681
1028
3359
2444
-1534
585
4634
-2428
2563
-384
1939
2711
-20
-1999
-1043
-1878
-1655
-2316
3313
-1382
-208
-1463
298
-1493
-754
2015
-1688
936
2843
-1158
-232
2181
1149
1536
3032
1595
-2723
-559
-2233
-2439
-2644
-745
1502
-709
-3429
165
4539
-918
1483
1632
1400
1242
2573
951
3110
-6486
1927
1776
4798
4841
-2179
-225
2051
261
1818
-1501
-2236
-167
-1787
509
1319
-96
2642
-3373
1538
-91
1241
-820
4491
310
885
2053
291
171
2604
-1020
4309
940
-2041
-2752
789
-1171
-215
-121
3206
462
2010
3666
2706
493
1992
670
1231
86
2027
-2518
3210
570
1505
-2086
672
-996
2464
-855
-953
-2693
2143
317
560
2265
2887
918
2379
-1602
-3937
-1005
4395
-259
3866
-1816
556
-546
-2692
-2080
-2599
1280
-2915
-1681
-918
-198
3465
1865
-1885
-2514
211
1876
1222
-852
-1253
-2443
523
-2256
-1311
-216
-1093
2443
-617
-1859
-138
3309
-294
1599
-1970
-3228
986
-1373
-845
-1519
-5333
1162
-3004
2261
-4650
2550
-385
1161
-568
-1267
-469
-272
1381
-1868
-1877
4803
3027
-428
-901
-3121
-2262
2288
-395
-1509
-330
-537
1360
-1268
2275
2635
-578
2234
1050
160
-1253
1713
-5202
3
466
-1579
-404
-4633
-1229
-2714
1889
-2692
2659
150
255
-1950
-3228
789
-1497
4075
-435
512
-870
-2582
1647
46
-795
5216
-3863
967
1133
2055
-1011
1319
2808
-527
1382
3298
463
5656
-794
-2299
-1960
4495
-1910
-1487
-1897
-1058
-2186
540
1061
906
1069
3392
-922
365
323
-1817
732
2331
-932
-638
1708
154
-1835
-1750
-495
513
-1024
-3253
1543
1213
-391
-1345
1170
-1277
1291
-2858
-5107
-614
879
31
-253
984
-998
3019
-898
313
2234
866
-1531
-746
1614
-1142
1912
856
-641
1302
-70
2132
-446
1368
-939
-2074
-3585
5039
1613
-252
-1199
-178
-1386
-930
805
2535
406
-2519
-1928
548
-196
-4218
475
778
-120
-207
938
-220
2925
796
-4229
221
1419
35
1329
2048
-4750
723
1297
-417
4133
-1928
1921
-606
-2273
-3195
-1170
-1002
1509
6810
418
-233
-395
2180
5617
2755
853
533
-2597
1962
-375
-3502
389
-1063
917
1751
903
5119
937
2891
-2860
-2943
899
1783
442
954
3021
576
-3243
122
-71
-472
-401
-3952
-493
-1521
-3435
-1504
-233
-3968
-1942
3768
1115
-653
949
1378
3526
5504
1613
1839
-1094
-1611
433
-584
1208
188
2011
-1173
2199
-2520
684
60
434
517
1015
1594
556
604
-70
71
329
1637
-185
1967
2723
431
-783
4029
-327
-6597
124
-2637
-1003
1847
873
2333
138
970
2944
-2293
1322
1532
933
667
1829
3531
-2496
143
-1228
1571
1032
-517
1322
826
331
-3145
-926
4452
1594
-911
-914
3316
-1599
-2888
1387
3067
2285
-2827
-3372
3233
2403
-1167
904
3464
2147
-551
-1847
1051
1389
1600
-1635
-3220
1405
-1320
-212
-3775
1341
279
-1642
-1185
-306
2744
1528
2808
2638
1198
-2834
183
3891
1373
463
3167
2091
262
-521
3238
-1173
1721
-1005
-1604
3321
-930
-678
-1162
-277
-1154
-3845
-4390
2996
-1947
1705
-2512
4630
2455
-3934
-1454
-4288
-217
-1064
1346
1067
-1441
1376
3839
678
398
-4545
1180
1932
-92
-2766
-950
-69
2016
2050
2172
-1520
1679
970
-3408
-1524
988
613
-1141
-605
2464
-1566
1887
-929
1558
1678
-566
-297
1418
-3165
2582
-5165
-750
-2850
1210
-61
-3117
535
-873
1626
204
1187
498
4994
-2477
-3446
-1164
1135
1556
-85
-3581
-1829
1487
-1315
-1719
-569
-351
464
1304
-847
-152
-956
2753
-900
-2741
2273
889
1248
106
-1019
-216
-1024
-1290
-3562
4774
2258
1575
2231
692
1234
-2154
725
55
-597
-593
638
557
-470
-487
686
-2613
1214
-618
-2210
-3142
-1520
-1238
-977
-723
-3622
1217
1518
-736
-2524
-37
633
-596
-46
-1298
237
1370
-1292
-422
-3715
-916
-2405
1209
-45
4025
36
596
-1957
2009
2000
-3608
2453
412
-711
-3191
-5394
-374
-2263
493
2230
-5127
1156
-1689
-1126
1324
1226
2194
-1332
3308
3733
-3346
2047
-2768
2334
-1131
-3978
198
-2671
-19
-1057
-647
-574
-745
-1907
27
-1927
2508
1784
2940
4141
-1079
1231
-1107
873
3217
-2001
798
-1480
-1177
-4394
1008
-63
2566
-1039
-254
1377
-852
-4174
23
-490
128
3045
323
-831
-1135
1766
2888
3367
617
-443
2868
739
1621
1010
1359
-607
120
-1626
-364
-4221
914
1909
-2976
-1264
-798
3331
1899
-1326
2728
-94
1716
726
-319
1083
2587
2606
246
-5869
894
-2179
-1353
912
-1674
-261
1000
2393
274
362
257
-1865
1583
-2180
4368
2154
-1224
-1849
-1999
-1930
-1406
1592
-1200
1567
-517
-1031
4143
-498
-1625
-581
-190
-3059
-894
1630
1732
880
-1648
3076
-3368
551
-1777
3623
-2590
4764
-1663
-974
-3062
-1998
100
734
-3260
-1819
3274
-1190
-772
-142
-718
1460
1690
729
-3847
3243
-372
-1218
2766
1988
3415
-356
303
-810
-2435
2945
-325
3258
1120
408
-753
1195
-2187
-1248
2967
-672
2110
832
795
-2700
1135
-1941
-1519
1214
2975
67
-1560
-1981
-1817
-989
1406
952
2531
-2824
30
-942
-1520
14
1562
-52
221
2997
2112
-2071
972
-2723
639
2404
5681
-355
-4832
3109
-995
-3442
2997
1186
-2297
969
-176
2084
445
-2761
-2756
6107
1142
-611
-4276
-26
-2398
1725
2340
802
-3166
-402
3088
301
1962
413
1666
2156
351
-2066
-195
-554
-140
-2493
-361
-312
885
749
-1060
-2966
-740
-177
1350
83
-1333
3519
-2162
-2070
968
1101
-925
-1173
-2091
2392
-57
864
4677
935
3856
-572
-530
827
2349
4686
2566
-728
-1859
249
-147
-3181
-1657
1879
1069
1343
-2120
168
2631
-4963
1716
-904
-1128
1220
1354
-2807
999
648
95
2485
2243
-588
-1717
1539
-4968
1733
-1879
1244
-740
1274
1856
1270
-3663
-1141
923
-562
248
2429
1592
-299
2184
1263
-2720
1452
-84
-4089
-37
385
1368
69
-287
586
25
-1293
1753
2019
643
-2821
-2112
3137
-2842
1763
-51
-1603
2929
-4536
2159
2271
931
975
2180
840
672
-3133
156
-393
-1367
-1013
611
2947
3640
-508
-2147
-2852
-1236
3708
3812
-208
-48
-1002
2230
-1659
892
597
-1886
2582
-2579
-1071
-1988
-362
-304
3590
2791
-2281
-3142
-1525
-3617
3840
-744
-643
-442
-2565
716
499
-3654
3310
-3359
1400
-1808
-3863
486
710
521
-1882
786
-3246
2612
-186
1495
2470
1149
-328
-746
-531
-3029
-2144
-3185
2100
-2227
-785
-1250
-3061
1343
182
1415
4350
-2274
1056
-2308
-3049
-1837
-2332
-1053
-908
-1153
1736
-327
-1211
402
576
817
-232
-1362
3076
-2641
-750
420
3392
-3397
3262
-1393
2157
3201
-659
106
2400
-3864
2718
112
-880
-993
-697
1002
971
-887
-504
-1440
2092
-2286
1831
-3450
-3147
267
-3489
165
-500
-3023
814
-619
994
825
-2967
1117
-2623
-4865
-3585
335
3960
92
1104
-336
-429
-3056
-823
1357
-930
-2053
1546
3438
-1438
2696
-2071
3275
789
-4585
-105
705
-1422
-2522
-1944
1136
3423
405
-428
-409
-3022
-2940
1423
578
-5715
-2817
-1333
4168
919
162
-4431
-2728
-677
777
2493
-1595
-3816
206
1172
-1144
-222
1328
1161
2916
3289
-2481
119
927
-1200
-343
3042
1131
647
2896
1840
903
-962
399
297
-571
-214
4167
2538
183
2222
574
-4247
-1105
-4467
-1948
983
1460
-1163
1428
2926
382
-1385
455
-2135
-1144
2304
-1722
2263
-697
989
2316
1710
-1119
-2567
-621
2173
814
2393
-341
-2370
-2274
-3966
-3074
1546
-2377
-1208
-2800
593
-4143
386
-2205
75
3189
2281
-4684
-688
-2624
1796
2624
-381
3862
-2320
-1188
1164
-2477
-1067
-2937
297
1901
692
2794
1211
-816
633
3279
418
659
889
1206
341
507
-117
-1309
1655
1838
1057
796
-1151
-173
-1182
789
956
-13
-463
-3412
-281
-608
733
-1699
-3377
-778
2338
791
137
1405
2658
2919
3832
822
758
374
-3106
-1375
-1243
2262
-2011
264
348
1839
3446
868
1916
-2910
2747
2478
626
139
1356
1444
-1160
-1267
1817
-2047
408
-1261
-477
-1757
-903
419
-2235
-969
-847
5329
2991
1656
212
-2218
-1237
-506
-226
-1104
3620
-324
52
1202
-2418
4471
